xcenter = 1512
ycenter = 2016
factor0 = 0.9932831287079043
factor1 = 3.6033204145920944e-05
factor2 = -3.7676610108032874e-08
factor3 = 1.613653121523912e-11
factor4 = -2.262804472876606e-15
